1.0000000000e-04 2.8502839871e-01
1.0202000000e-04 2.9059513100e-01
1.0408000000e-04 2.9625941116e-01
1.0618000000e-04 3.0204074878e-01
1.0833000000e-04 3.0793914385e-01
1.1052000000e-04 3.1394159000e-01
1.1275000000e-04 3.2006759679e-01
1.1503000000e-04 3.2631066103e-01
1.1735000000e-04 3.3267728592e-01
1.1972000000e-04 3.3916747146e-01
1.2214000000e-04 3.4578772083e-01
1.2461000000e-04 3.5253153086e-01
1.2712000000e-04 3.5940540472e-01
1.2969000000e-04 3.6641584561e-01
1.3231000000e-04 3.7356285353e-01
1.3499000000e-04 3.8085293167e-01
1.3771000000e-04 3.8827957685e-01
1.4049000000e-04 3.9585579544e-01
1.4333000000e-04 4.0357508425e-01
1.4623000000e-04 4.1144394647e-01
1.4918000000e-04 4.1946888530e-01
1.5220000000e-04 4.2764990074e-01
1.5527000000e-04 4.3598699278e-01
1.5841000000e-04 4.4448666462e-01
1.6161000000e-04 4.5315541945e-01
1.6487000000e-04 4.6198675408e-01
1.6820000000e-04 4.7099367489e-01
1.7160000000e-04 4.8017618189e-01
1.7507000000e-04 4.8953427506e-01
1.7860000000e-04 4.9908096080e-01
1.8221000000e-04 5.0880323272e-01
1.8589000000e-04 5.1872060040e-01
1.8965000000e-04 5.2883306384e-01
1.9348000000e-04 5.3913411984e-01
1.9739000000e-04 5.4964327799e-01
2.0138000000e-04 5.6034753189e-01
2.0544000000e-04 5.7126639113e-01
2.0959000000e-04 5.8239335250e-01
2.1383000000e-04 5.9374142241e-01
2.1815000000e-04 6.0530409764e-01
2.2255000000e-04 6.1709438460e-01
2.2705000000e-04 6.2911228327e-01
2.3164000000e-04 6.4136429685e-01
2.3632000000e-04 6.5383091576e-01
2.4109000000e-04 6.6657717192e-01
2.4596000000e-04 6.7958355577e-01
2.5093000000e-04 6.9278503537e-01
2.5600000000e-04 7.0624664264e-01
2.6117000000e-04 7.2003340952e-01
2.6645000000e-04 7.3401527215e-01
2.7183000000e-04 7.4832229437e-01
2.7732000000e-04 7.6282441236e-01
2.8292000000e-04 7.7765168994e-01
2.8864000000e-04 7.9280412712e-01
2.9447000000e-04 8.0821669197e-01
3.0042000000e-04 8.2395441642e-01
3.0649000000e-04 8.3995226854e-01
3.1268000000e-04 8.5627528027e-01
3.1899000000e-04 8.7292345158e-01
3.2544000000e-04 8.8983175058e-01
3.3201000000e-04 9.0713024109e-01
3.3872000000e-04 9.2475389120e-01
3.4556000000e-04 9.4270270090e-01
3.5254000000e-04 9.6104170212e-01
3.5966000000e-04 9.7964083101e-01
3.6693000000e-04 9.9869518334e-01
3.7434000000e-04 1.0180096633e+00
3.8190000000e-04 1.0377793668e+00
3.8962000000e-04 1.0578742298e+00
3.9749000000e-04 1.0784243163e+00
4.0552000000e-04 1.0992995624e+00
4.1371000000e-04 1.1205649999e+00
4.2207000000e-04 1.1422856610e+00
4.3060000000e-04 1.1643965135e+00
4.3929000000e-04 1.1869625895e+00
4.4817000000e-04 1.2099188569e+00
4.5722000000e-04 1.2333303479e+00
4.6646000000e-04 1.2571320303e+00
4.7588000000e-04 1.2814539681e+00
4.8550000000e-04 1.3062311293e+00
4.9530000000e-04 1.3313984820e+00
5.0531000000e-04 1.3571511220e+00
5.1552000000e-04 1.3832939536e+00
5.2593000000e-04 1.4100220724e+00
5.3656000000e-04 1.4372054146e+00
5.4739000000e-04 1.4649090122e+00
5.5845000000e-04 1.4931328651e+00
5.6973000000e-04 1.5218769734e+00
5.8124000000e-04 1.5511413370e+00
5.9299000000e-04 1.5809909880e+00
6.0496000000e-04 1.6113608942e+00
6.1719000000e-04 1.6423160878e+00
6.2965000000e-04 1.6738565686e+00
6.4237000000e-04 1.7059823367e+00
6.5535000000e-04 1.7386933921e+00
6.6859000000e-04 1.7720547666e+00
6.8210000000e-04 1.8060014284e+00
6.9588000000e-04 1.8405333775e+00
7.0993000000e-04 1.8757806778e+00
7.2427000000e-04 1.9116132652e+00
7.3891000000e-04 1.9481612038e+00
7.5383000000e-04 1.9853594616e+00
7.6906000000e-04 2.0232080386e+00
7.8460000000e-04 2.0617719667e+00
8.0045000000e-04 2.1010512459e+00
8.1662000000e-04 2.1410458762e+00
8.3311000000e-04 2.1817558576e+00
8.4994000000e-04 2.2231811902e+00
8.6711000000e-04 2.2653869058e+00
8.8463000000e-04 2.3083730044e+00
9.0250000000e-04 2.3520744541e+00
9.2073000000e-04 2.3966213187e+00
9.3933000000e-04 2.4419485664e+00
9.5831000000e-04 2.4880561971e+00
9.7767000000e-04 2.5350092428e+00
9.9742000000e-04 2.5828077034e+00
1.0176000000e-03 2.6314515790e+00
1.0381000000e-03 2.6809408695e+00
1.0591000000e-03 2.7312755750e+00
1.0805000000e-03 2.7825207273e+00
1.1023000000e-03 2.8346763265e+00
1.1246000000e-03 2.8877423726e+00
1.1473000000e-03 2.9417188656e+00
1.1705000000e-03 2.9966058054e+00
1.1941000000e-03 3.0524682240e+00
1.2182000000e-03 3.1093061214e+00
1.2429000000e-03 3.1670544656e+00
1.2680000000e-03 3.2258433206e+00
1.2936000000e-03 3.2856076544e+00
1.3197000000e-03 3.3464124988e+00
1.3464000000e-03 3.4081928221e+00
1.3736000000e-03 3.4710136560e+00
1.4013000000e-03 3.5348750007e+00
1.4296000000e-03 3.5998418880e+00
1.4585000000e-03 3.6658492860e+00
1.4880000000e-03 3.7329622266e+00
1.5180000000e-03 3.8011156780e+00
1.5487000000e-03 3.8704397038e+00
1.5800000000e-03 3.9408692723e+00
1.6119000000e-03 4.0124043835e+00
1.6445000000e-03 4.0851100691e+00
1.6777000000e-03 4.1589212975e+00
1.7116000000e-03 4.2339031003e+00
1.7462000000e-03 4.3101205096e+00
1.7814000000e-03 4.3874434616e+00
1.8174000000e-03 4.4660020200e+00
1.8541000000e-03 4.5457961848e+00
1.8916000000e-03 4.6267609243e+00
1.9298000000e-03 4.7089612702e+00
1.9688000000e-03 4.7923972225e+00
2.0086000000e-03 4.8770687813e+00
2.0491000000e-03 4.9629759466e+00
2.0905000000e-03 5.0501837503e+00
2.1328000000e-03 5.1386271604e+00
2.1758000000e-03 5.2283061770e+00
2.2198000000e-03 5.3192858320e+00
2.2646000000e-03 5.4115661253e+00
2.3104000000e-03 5.5050820251e+00
2.3571000000e-03 5.5998985634e+00
2.4047000000e-03 5.6960807719e+00
2.4533000000e-03 5.7934985869e+00
2.5028000000e-03 5.8922170402e+00
2.5534000000e-03 5.9922361320e+00
2.6050000000e-03 6.0935558621e+00
2.6576000000e-03 6.1962412625e+00
2.7113000000e-03 6.3001622694e+00
2.7660000000e-03 6.4053839147e+00
2.8219000000e-03 6.5116460707e+00
2.8789000000e-03 6.6195990566e+00
2.9371000000e-03 6.7288526809e+00
2.9964000000e-03 6.8394069435e+00
3.0569000000e-03 6.9512618446e+00
3.1187000000e-03 7.0637670648e+00
3.1817000000e-03 7.1782232426e+00
3.2460000000e-03 7.2939800588e+00
3.3115000000e-03 7.4103871942e+00
3.3784000000e-03 7.5287452872e+00
3.4467000000e-03 7.6477536993e+00
3.5163000000e-03 7.7680627499e+00
3.5874000000e-03 7.8896724388e+00
3.6598000000e-03 8.0125827661e+00
3.7338000000e-03 8.1367937318e+00
3.8092000000e-03 8.2616550167e+00
3.8861000000e-03 8.3878169400e+00
3.9646000000e-03 8.5152795016e+00
4.0447000000e-03 8.6433923825e+00
4.1264000000e-03 8.7734562209e+00
4.2098000000e-03 8.9035200593e+00
4.2948000000e-03 9.0348845361e+00
4.3816000000e-03 9.1675496513e+00
4.4701000000e-03 9.3008650857e+00
4.5604000000e-03 9.4354811585e+00
4.6525000000e-03 9.5700972313e+00
4.7465000000e-03 9.7060139424e+00
4.8424000000e-03 9.8432312920e+00
4.9402000000e-03 9.9804486415e+00
5.0400000000e-03 1.0118966629e+01
5.1419000000e-03 1.0257484617e+01
5.2457000000e-03 1.0397303244e+01
5.3517000000e-03 1.0537121870e+01
5.4598000000e-03 1.0677590815e+01
5.5701000000e-03 1.0818710080e+01
5.6826000000e-03 1.0959829345e+01
5.7974000000e-03 1.1101598929e+01
5.9145000000e-03 1.1244018832e+01
6.0340000000e-03 1.1385788416e+01
6.1559000000e-03 1.1528208319e+01
6.2803000000e-03 1.1670628222e+01
6.4072000000e-03 1.1812397806e+01
6.5366000000e-03 1.1954817709e+01
6.6686000000e-03 1.2096587293e+01
6.8033000000e-03 1.2238356877e+01
6.9408000000e-03 1.2379476141e+01
7.0810000000e-03 1.2520595406e+01
7.2240000000e-03 1.2660414032e+01
7.3700000000e-03 1.2800232659e+01
7.5189000000e-03 1.2938750646e+01
7.6708000000e-03 1.3077268634e+01
7.8257000000e-03 1.3214485984e+01
7.9838000000e-03 1.3350402695e+01
8.1451000000e-03 1.3485018768e+01
8.3096000000e-03 1.3618984521e+01
8.4775000000e-03 1.3750999317e+01
8.6488000000e-03 1.3882363794e+01
8.8235000000e-03 1.4011126994e+01
9.0017000000e-03 1.4138589556e+01
9.1836000000e-03 1.4264101160e+01
9.3691000000e-03 1.4387661806e+01
9.5583000000e-03 1.4509271495e+01
9.7514000000e-03 1.4628279908e+01
9.9484000000e-03 1.4744687043e+01
1.0149000000e-02 1.4858492902e+01
1.0354000000e-02 1.4970347803e+01
1.0564000000e-02 1.5078300789e+01
1.0777000000e-02 1.5183652498e+01
1.0995000000e-02 1.5285752611e+01
1.1217000000e-02 1.5384601128e+01
1.1443000000e-02 1.5480198049e+01
1.1675000000e-02 1.5571242736e+01
1.1910000000e-02 1.5659035827e+01
1.2151000000e-02 1.5742927003e+01
1.2397000000e-02 1.5822265944e+01
1.2647000000e-02 1.5897052651e+01
1.2902000000e-02 1.5967287124e+01
1.3163000000e-02 1.6032969363e+01
1.3429000000e-02 1.6094099367e+01
1.3700000000e-02 1.6149376498e+01
1.3977000000e-02 1.6200101395e+01
1.4259000000e-02 1.6244973419e+01
1.4547000000e-02 1.6284642890e+01
1.4841000000e-02 1.6317809169e+01
1.5141000000e-02 1.6345122575e+01
1.5447000000e-02 1.6366583108e+01
1.5759000000e-02 1.6381540450e+01
1.6077000000e-02 1.6390644918e+01
1.6402000000e-02 1.6392595876e+01
1.6734000000e-02 1.6387393322e+01
1.7072000000e-02 1.6375687577e+01
1.7416000000e-02 1.6356828320e+01
1.7768000000e-02 1.6330815553e+01
1.8127000000e-02 1.6296998955e+01
1.8493000000e-02 1.6256679165e+01
1.8867000000e-02 1.6207905225e+01
1.9248000000e-02 1.6151977775e+01
1.9637000000e-02 1.6088896813e+01
2.0034000000e-02 1.6017361702e+01
2.0438000000e-02 1.5938673080e+01
2.0851000000e-02 1.5851530308e+01
2.1272000000e-02 1.5756583706e+01
2.1702000000e-02 1.5654483593e+01
2.2141000000e-02 1.5543929330e+01
2.2588000000e-02 1.5426221556e+01
2.3044000000e-02 1.5300709952e+01
2.3510000000e-02 1.5167394518e+01
2.3985000000e-02 1.5026925572e+01
2.4469000000e-02 1.4879953435e+01
2.4964000000e-02 1.4725177467e+01
2.5468000000e-02 1.4563898308e+01
2.5982000000e-02 1.4396115956e+01
2.6507000000e-02 1.4221830413e+01
2.7043000000e-02 1.4041691996e+01
2.7589000000e-02 1.3856351027e+01
2.8146000000e-02 1.3665157184e+01
2.8715000000e-02 1.3469411107e+01
2.9295000000e-02 1.3269112796e+01
2.9887000000e-02 1.3065562889e+01
3.0490000000e-02 1.2857460747e+01
3.1106000000e-02 1.2646757329e+01
3.1735000000e-02 1.2433452634e+01
3.2376000000e-02 1.2218847301e+01
3.3030000000e-02 1.2002291010e+01
3.3697000000e-02 1.1785084400e+01
3.4378000000e-02 1.1567227470e+01
3.5072000000e-02 1.1350020860e+01
3.5781000000e-02 1.1133464569e+01
3.6504000000e-02 1.0918208917e+01
3.7241000000e-02 1.0705554541e+01
3.7993000000e-02 1.0496151761e+01
3.8761000000e-02 1.0289350258e+01
3.9544000000e-02 1.0087100989e+01
4.0343000000e-02 9.8887536354e+00
4.1158000000e-02 9.6949585161e+00
4.1989000000e-02 9.5063659504e+00
4.2838000000e-02 9.3223256191e+00
4.3703000000e-02 9.1434878412e+00
4.4586000000e-02 8.9711532553e+00
4.5486000000e-02 8.8053218613e+00
4.6405000000e-02 8.6459936593e+00
4.7343000000e-02 8.4944692875e+00
4.8299000000e-02 8.3513990652e+00
4.9275000000e-02 8.2148320349e+00
5.0270000000e-02 8.0854185156e+00
5.1286000000e-02 7.9618578691e+00
5.2322000000e-02 7.8434997762e+00
5.3379000000e-02 7.7303442367e+00
5.4457000000e-02 7.6210906125e+00
5.5557000000e-02 7.5157389033e+00
5.6680000000e-02 7.4129884710e+00
5.7825000000e-02 7.3134896346e+00
5.8993000000e-02 7.2159417558e+00
6.0184000000e-02 7.1190441962e+00
6.1400000000e-02 7.0234472749e+00
6.2641000000e-02 6.9265497153e+00
6.3906000000e-02 6.8290018365e+00
6.5197000000e-02 6.7282023617e+00
6.6514000000e-02 6.6248016101e+00
6.7858000000e-02 6.5155479859e+00
6.9229000000e-02 6.4011568400e+00
7.0627000000e-02 6.2798072787e+00
7.2054000000e-02 6.1511741425e+00
7.3510000000e-02 6.0148672399e+00
7.4994000000e-02 5.8707565069e+00
7.6509000000e-02 5.7194272309e+00
7.8055000000e-02 5.5612696033e+00
7.9632000000e-02 5.3973241350e+00
8.1241000000e-02 5.2288914643e+00
8.2882000000e-02 5.0573372614e+00
8.4556000000e-02 4.8842222924e+00
8.6264000000e-02 4.7111723554e+00
8.8007000000e-02 4.5396181525e+00
8.9785000000e-02 4.3712505137e+00
9.1598000000e-02 4.2074351092e+00
9.3449000000e-02 4.0497327051e+00
9.5337000000e-02 3.8996390356e+00
9.7263000000e-02 3.7583246751e+00
9.9227000000e-02 3.6270252302e+00
1.0123000000e-01 3.5067812116e+00
1.0328000000e-01 3.3981128746e+00
1.0536000000e-01 3.3010852511e+00
1.0749000000e-01 3.2155032454e+00
1.0966000000e-01 3.1405214426e+00
1.1188000000e-01 3.0745140446e+00
1.1414000000e-01 3.0160503492e+00
1.1644000000e-01 2.9626591435e+00
1.1880000000e-01 2.9122594062e+00
1.2120000000e-01 2.8625099880e+00
1.2365000000e-01 2.8110697399e+00
1.2614000000e-01 2.7559877043e+00
1.2869000000e-01 2.6957031152e+00
1.3129000000e-01 2.6289153342e+00
1.3394000000e-01 2.5552341697e+00
1.3665000000e-01 2.4746596218e+00
1.3941000000e-01 2.3879070416e+00
1.4223000000e-01 2.2961470035e+00
1.4510000000e-01 2.2011353696e+00
1.4803000000e-01 2.1048230972e+00
1.5102000000e-01 2.0096813994e+00
1.5407000000e-01 1.9181814891e+00
1.5718000000e-01 1.8327295472e+00
1.6036000000e-01 1.7554065953e+00
1.6360000000e-01 1.6875783036e+00
1.6690000000e-01 1.6293747359e+00
1.7028000000e-01 1.5800805411e+00
1.7371000000e-01 1.5382650170e+00
1.7722000000e-01 1.5019772061e+00
1.8080000000e-01 1.4690710550e+00
1.8446000000e-01 1.4374005103e+00
1.8818000000e-01 1.4046894550e+00
1.9198000000e-01 1.3687918356e+00
1.9586000000e-01 1.3280818542e+00
1.9982000000e-01 1.2822343511e+00
2.0386000000e-01 1.2318346137e+00
2.0797000000e-01 1.1787035357e+00
2.1218000000e-01 1.1248571066e+00
2.1646000000e-01 1.0725064116e+00
2.2083000000e-01 1.0236674403e+00
2.2530000000e-01 9.7970586293e-01
2.2985000000e-01 9.4159715827e-01
2.3449000000e-01 9.0908119867e-01
2.3923000000e-01 8.8137760108e-01
2.4406000000e-01 8.5686056754e-01
2.4899000000e-01 8.3357914046e-01
2.5402000000e-01 8.0958236227e-01
2.5915000000e-01 7.8350456267e-01
2.6439000000e-01 7.5482548630e-01
2.6973000000e-01 7.2400035659e-01
2.7518000000e-01 6.9232981193e-01
2.8074000000e-01 6.6111449071e-01
2.8641000000e-01 6.3177208876e-01
2.9219000000e-01 6.0536912956e-01
2.9810000000e-01 5.8228930143e-01
3.0412000000e-01 5.6202535541e-01
3.1026000000e-01 5.4350426482e-01
3.1653000000e-01 5.2556846150e-01
3.2292000000e-01 5.0725547305e-01
3.2945000000e-01 4.8799301858e-01
3.3610000000e-01 4.6787214277e-01
3.4289000000e-01 4.4765371909e-01
3.4982000000e-01 4.2825469759e-01
3.5689000000e-01 4.1029938469e-01
3.6409000000e-01 3.9400888893e-01
3.7145000000e-01 3.7919461773e-01
3.7895000000e-01 3.6529729660e-01
3.8661000000e-01 3.5164059356e-01
3.9442000000e-01 3.3782781392e-01
4.0239000000e-01 3.2389147364e-01
4.1052000000e-01 3.1013722272e-01
4.1881000000e-01 2.9698776866e-01
4.2727000000e-01 2.8472925189e-01
4.3590000000e-01 2.7334216283e-01
4.4471000000e-01 2.6257938020e-01
4.5369000000e-01 2.5215476355e-01
4.6286000000e-01 2.4186021074e-01
4.7221000000e-01 2.3171523134e-01
4.8174000000e-01 2.2191492112e-01
4.9148000000e-01 2.1259584710e-01
5.0141000000e-01 2.0380353162e-01
5.1153000000e-01 1.9544693000e-01
5.2187000000e-01 1.8738297202e-01
5.3241000000e-01 1.7953361937e-01
5.4317000000e-01 1.7192488482e-01
5.5414000000e-01 1.6462180029e-01
5.6533000000e-01 1.5766338494e-01
5.7675000000e-01 1.5102362599e-01
5.8840000000e-01 1.4463098833e-01
6.0029000000e-01 1.3847246558e-01
6.1242000000e-01 1.3256106412e-01
6.2479000000e-01 1.2688377757e-01
6.3741000000e-01 1.2144060594e-01
6.5029000000e-01 1.1622504602e-01
6.6342000000e-01 1.1121758824e-01
6.7683000000e-01 1.0641823260e-01
6.9050000000e-01 1.0182047591e-01
7.0445000000e-01 9.7404808596e-02
7.1868000000e-01 9.3177733847e-02
7.3320000000e-01 8.9119742088e-02
7.4801000000e-01 8.5237336511e-02
7.6312000000e-01 8.1511007541e-02
7.7854000000e-01 7.7940755176e-02
7.9426000000e-01 7.4513573033e-02
8.1031000000e-01 7.1235964305e-02
8.2668000000e-01 6.8094922607e-02
8.4338000000e-01 6.5083944748e-02
8.6041000000e-01 6.2201079769e-02
8.7780000000e-01 5.9439824479e-02
8.9553000000e-01 5.6796276963e-02
9.1362000000e-01 5.4265884987e-02
9.3208000000e-01 5.1842795677e-02
9.5091000000e-01 4.9523757438e-02
9.7011000000e-01 4.7304868354e-02
9.8971000000e-01 4.5180925873e-02
1.0097000000e+00 4.3149328716e-02
1.0301000000e+00 4.1204874332e-02
1.0509000000e+00 3.9344961443e-02
1.0721000000e+00 3.7566338452e-02
1.0938000000e+00 3.5864453126e-02
1.1159000000e+00 3.4237354508e-02
1.1384000000e+00 3.2681140681e-02
1.1614000000e+00 3.1193210369e-02
1.1849000000e+00 2.9770962296e-02
1.2088000000e+00 2.8410494546e-02
1.2333000000e+00 2.7110506481e-02
1.2582000000e+00 2.5868396824e-02
1.2836000000e+00 2.4680913979e-02
1.3095000000e+00 2.3546106989e-02
1.3360000000e+00 2.2461374577e-02
1.3630000000e+00 2.1425416104e-02
1.3905000000e+00 2.0435630293e-02
1.4186000000e+00 1.9490066188e-02
1.4472000000e+00 1.8586772830e-02
1.4765000000e+00 1.7724449581e-02
1.5063000000e+00 1.6900495165e-02
1.5367000000e+00 1.6114259262e-02
1.5678000000e+00 1.5363140595e-02
1.5994000000e+00 1.4645838526e-02
1.6318000000e+00 1.3961702736e-02
1.6647000000e+00 1.3308131948e-02
1.6984000000e+00 1.2683825523e-02
1.7327000000e+00 1.2088783462e-02
1.7677000000e+00 1.1520404488e-02
1.8034000000e+00 1.0978038282e-02
1.8398000000e+00 1.0461034524e-02
1.8770000000e+00 9.9674422576e-03
1.9149000000e+00 9.4959608434e-03
1.9536000000e+00 9.0472406008e-03
1.9930000000e+00 8.6186802532e-03
2.0333000000e+00 8.2096294813e-03
2.0744000000e+00 7.8194379661e-03
2.1163000000e+00 7.4481057074e-03
2.1590000000e+00 7.0930314285e-03
2.2026000000e+00 6.7548654486e-03
2.2471000000e+00 6.4327623527e-03
2.2925000000e+00 6.1253564706e-03
2.3388000000e+00 5.8323226426e-03
2.3861000000e+00 5.5530105496e-03
2.4343000000e+00 5.2867048404e-03
2.4835000000e+00 5.0329502917e-03
2.5336000000e+00 4.7910315522e-03
2.5848000000e+00 4.5605584305e-03
2.6370000000e+00 4.3408806074e-03
2.6903000000e+00 4.1315428595e-03
2.7447000000e+00 3.9320899632e-03
2.8001000000e+00 3.7420666953e-03
2.8567000000e+00 3.5610828641e-03
2.9144000000e+00 3.3886182144e-03
2.9733000000e+00 3.2243475865e-03
3.0333000000e+00 3.0678157569e-03
3.0946000000e+00 2.9188276300e-03
3.1571000000e+00 2.7768629504e-03
3.2209000000e+00 2.6416615903e-03
3.2860000000e+00 2.5129634222e-03
3.3523000000e+00 2.3903782545e-03
3.4201000000e+00 2.2737109914e-03
3.4892000000e+00 2.1625714415e-03
3.5596000000e+00 2.0567645089e-03
3.6316000000e+00 1.9560300661e-03
3.7049000000e+00 1.8601730171e-03
3.7798000000e+00 1.7689332345e-03
3.8561000000e+00 1.6820505904e-03
3.9340000000e+00 1.5993950211e-03
4.0135000000e+00 1.5207063989e-03
4.0946000000e+00 1.4458546598e-03
4.1773000000e+00 1.3745796764e-03
4.2617000000e+00 1.3067513846e-03
4.3478000000e+00 1.2422397208e-03
4.4356000000e+00 1.1808495891e-03
4.5252000000e+00 1.1224509256e-03
4.6166000000e+00 1.0669136666e-03
4.7099000000e+00 1.0140427163e-03
4.8050000000e+00 9.6377304272e-04
4.9021000000e+00 9.1590955018e-04
5.0011000000e+00 8.7045223865e-04
5.1021000000e+00 8.2714098046e-04
5.2052000000e+00 7.8604080752e-04
5.6234100000e+00 6.2338687310e-04
6.3095700000e+00 4.4132416239e-04
7.0794600000e+00 3.1243284947e-04
7.9432800000e+00 2.2118591331e-04
8.9125100000e+00 1.5658775699e-04
1.0000000000e+01 1.1085536045e-04
1.1220200000e+01 7.8479869786e-05
1.2589300000e+01 5.5559434892e-05
1.4125400000e+01 3.9332995569e-05
1.5848900000e+01 2.7845627296e-05
1.7782800000e+01 1.9713190703e-05
1.9952600000e+01 1.3955849863e-05
2.2387200000e+01 9.8800393582e-06
2.5118900000e+01 6.9945080709e-06
2.8183800000e+01 4.9517254246e-06
3.1622800000e+01 3.5055586115e-06
3.5481400000e+01 2.4817415978e-06
3.9810700000e+01 1.7569413486e-06
4.4668400000e+01 1.2438199964e-06
5.0118800000e+01 8.8055819890e-07
5.6234100000e+01 6.2338622278e-07
6.3095800000e+01 4.4132351207e-07
7.0794600000e+01 3.1243349979e-07
7.9432800000e+01 2.2118591331e-07
8.9125200000e+01 1.5658710667e-07
1.0000000000e+02 1.1085536045e-07
