ic2pm: 2LPTic ingest                         
 Aexpn = 0.55358 Step= 178 Redshift=    0.806 Ngrid= 4096 kNyq=    25.13
   bin  k/Mpch    N          Preal
     1  0.01227 6.0000E+00  6.83821E+03
     7  0.01736 1.2000E+01  1.38960E+04
    11  0.02126 8.0000E+00  1.36943E+04
    15  0.02454 6.0000E+00  8.85228E+03
    17  0.02744 2.4000E+01  1.06155E+04
    19  0.03006 2.4000E+01  8.15750E+03
    22  0.03471 1.2000E+01  6.17586E+03
    23  0.03682 3.0000E+01  5.98836E+03
    25  0.03881 2.4000E+01  8.08687E+03
    26  0.04115 3.2000E+01  5.28131E+03
    27  0.04425 2.4000E+01  7.44821E+03
    28  0.04592 4.8000E+01  6.30731E+03
    30  0.05043 5.4000E+01  7.18801E+03
    31  0.05264 6.0000E+01  7.40087E+03
    32  0.05488 2.4000E+01  3.97039E+03
    33  0.05668 7.2000E+01  3.83287E+03
    34  0.06081 5.4000E+01  5.28375E+03
    35  0.06294 1.0400E+02  3.63335E+03
    36  0.06654 1.2000E+02  4.00770E+03
    37  0.07028 6.0000E+01  3.94505E+03
    38  0.07245 1.2600E+02  4.15865E+03
    39  0.07540 9.6000E+01  3.62365E+03
    40  0.07893 1.9200E+02  4.00194E+03
    41  0.08247 1.4400E+02  3.56255E+03
    42  0.08687 2.1800E+02  2.95343E+03
    43  0.09070 2.6400E+02  2.96778E+03
    44  0.09548 2.6400E+02  2.96662E+03
    45  0.10031 3.6600E+02  2.55346E+03
    46  0.10497 3.0800E+02  2.25642E+03
    47  0.10964 4.1400E+02  2.33065E+03
    48  0.11505 5.5200E+02  1.92066E+03
    49  0.12046 3.9600E+02  1.93993E+03
    50  0.12534 6.6200E+02  2.04147E+03
    51  0.13139 6.9600E+02  1.82291E+03
    52  0.13780 8.5800E+02  1.67546E+03
    53  0.14378 7.9800E+02  1.60501E+03
    54  0.15072 1.2320E+03  1.26680E+03
    55  0.15845 1.2420E+03  1.34118E+03
    56  0.16575 1.4400E+03  1.15894E+03
    57  0.17346 1.4900E+03  1.19767E+03
    58  0.18145 1.9740E+03  1.14057E+03
    59  0.19044 2.3000E+03  1.06706E+03
    60  0.19957 2.3820E+03  9.68964E+02
    61  0.20865 2.7620E+03  9.18039E+02
    62  0.21850 3.3660E+03  8.17201E+02
    63  0.22883 3.6500E+03  7.37016E+02
    64  0.23956 4.3800E+03  7.00119E+02
    65  0.25078 4.7900E+03  6.73778E+02
    66  0.26242 5.6580E+03  6.35685E+02
    67  0.27483 6.4820E+03  5.84452E+02
    68  0.28772 7.4460E+03  5.39039E+02
    69  0.30151 8.7920E+03  5.00076E+02
    70  0.31576 9.6980E+03  4.78066E+02
    71  0.33059 1.1418E+04  4.41296E+02
    72  0.34609 1.2722E+04  4.12054E+02
    73  0.36234 1.4984E+04  3.84718E+02
    74  0.37938 1.6946E+04  3.61094E+02
    75  0.39715 1.9472E+04  3.40980E+02
    76  0.41588 2.2682E+04  3.20890E+02
    77  0.43568 2.6136E+04  2.98716E+02
    78  0.45619 2.9408E+04  2.74712E+02
    79  0.47752 3.3854E+04  2.65502E+02
    80  0.50003 3.9328E+04  2.48668E+02
    81  0.52371 4.5128E+04  2.35252E+02
    82  0.54848 5.1692E+04  2.21544E+02
    83  0.57427 5.8952E+04  2.07842E+02
    84  0.60132 6.8210E+04  1.95965E+02
    85  0.62982 7.8772E+04  1.84488E+02
    86  0.65948 8.8976E+04  1.74026E+02
    87  0.69051 1.0338E+05  1.64390E+02
    88  0.72320 1.1892E+05  1.55826E+02
    89  0.75730 1.3535E+05  1.47253E+02
    90  0.79289 1.5570E+05  1.39734E+02
    91  0.83024 1.7904E+05  1.33008E+02
    92  0.86932 2.0493E+05  1.26453E+02
    93  0.91033 2.3708E+05  1.19580E+02
    94  0.95333 2.7094E+05  1.12752E+02
    95  0.99816 3.0994E+05  1.08104E+02
    96  1.04504 3.5585E+05  1.02467E+02
    97  1.09426 4.1057E+05  9.73269E+01
    98  1.14591 4.7123E+05  9.20758E+01
    99  1.19992 5.3986E+05  8.77207E+01
   100  1.25650 6.2180E+05  8.33895E+01
   101  1.31576 7.1217E+05  7.91282E+01
   102  1.37779 8.1901E+05  7.52257E+01
   103  1.44276 9.3949E+05  7.15115E+01
   104  1.51068 1.0760E+06  6.75585E+01
   105  1.58180 1.2382E+06  6.40958E+01
   106  1.65642 1.4236E+06  6.06368E+01
   107  1.73451 1.6314E+06  5.75153E+01
   108  1.81622 1.8734E+06  5.43590E+01
   109  1.90184 2.1536E+06  5.12616E+01
   110  1.99151 2.4709E+06  4.83095E+01
   111  2.08536 2.8360E+06  4.55568E+01
   112  2.18361 3.2557E+06  4.27310E+01
   113  2.28652 3.7403E+06  4.01065E+01
   114  2.39432 4.2954E+06  3.74312E+01
   115  2.50717 4.9284E+06  3.49484E+01
   116  2.62531 5.6596E+06  3.26130E+01
   117  2.74900 6.4947E+06  3.03272E+01
   118  2.87854 7.4628E+06  2.81450E+01
   119  3.01423 8.5671E+06  2.60366E+01
   120  3.15629 9.8350E+06  2.40596E+01
   121  3.30505 1.1294E+07  2.22023E+01
   122  3.46081 1.2964E+07  2.04213E+01
   123  3.62387 1.4881E+07  1.87267E+01
   124  3.79466 1.7097E+07  1.71585E+01
   125  3.97354 1.9626E+07  1.56674E+01
   126  4.16082 2.2533E+07  1.42819E+01
   127  4.35689 2.5864E+07  1.29854E+01
   128  4.56222 2.9707E+07  1.17683E+01
   129  4.77723 3.4100E+07  1.06444E+01
   130  5.00237 3.9158E+07  9.60996E+00
   131  5.23814 4.4959E+07  8.65354E+00
   132  5.48500 5.1614E+07  7.77415E+00
   133  5.74351 5.9273E+07  6.96838E+00
   134  6.01421 6.8042E+07  6.23070E+00
   135  6.29764 7.8129E+07  5.56048E+00
   136  6.59444 8.9696E+07  4.95092E+00
   137  6.90521 1.0299E+08  4.39082E+00
   138  7.23066 1.1825E+08  3.88521E+00
   139  7.57142 1.3576E+08  3.42967E+00
   140  7.92825 1.5588E+08  3.01769E+00
   141  8.30190 1.7898E+08  2.64690E+00
   142  8.69316 2.0549E+08  2.31382E+00
   143  9.10285 2.3593E+08  2.01560E+00
   144  9.53184 2.7089E+08  1.75021E+00
   145  9.98106 3.1103E+08  1.51346E+00
   146 10.45146 3.5711E+08  1.30337E+00
   147 10.94403 4.1001E+08  1.11762E+00
   148 11.45980 4.7075E+08  9.53995E-01
   149 11.99988 5.4050E+08  8.10067E-01
   150 12.56542 6.2059E+08  6.84103E-01
   151 13.15762 7.1252E+08  5.74563E-01
   152 13.77771 8.1807E+08  4.79686E-01
   153 14.42704 9.3931E+08  3.97906E-01
   154 15.10697 1.0784E+09  3.27877E-01
   155 15.81893 1.2382E+09  2.68309E-01
   156 16.56446 1.4217E+09  2.17868E-01
   157 17.34512 1.6323E+09  1.75564E-01
   158 18.16257 1.8741E+09  1.40332E-01
   159 19.01854 2.1518E+09  1.11281E-01
   160 19.91486 2.4706E+09  8.75729E-02
   161 20.85341 2.8366E+09  6.84585E-02
   162 21.83621 3.2568E+09  5.32734E-02
   163 22.86531 3.7394E+09  4.14222E-02
   164 23.94293 4.2934E+09  3.24212E-02
   165 25.06585 4.8627E+09  2.57189E-02
   166 26.23764 4.9381E+09  1.97213E-02
   167 27.47225 4.8296E+09  1.48348E-02
   168 28.76425 4.6240E+09  1.10901E-02
   169 30.11583 4.2990E+09  8.27455E-03
   170 31.52872 3.8284E+09  6.20034E-03
   171 33.00318 3.1813E+09  4.70174E-03
   172 34.53368 2.3211E+09  3.58327E-03
   173 36.14167 1.3714E+09  2.56791E-03
   174 37.83066 7.5310E+08  1.86134E-03
   175 39.56798 3.4189E+08  1.42516E-03
   176 41.29474 9.2743E+07  1.18358E-03
   177 42.79519 3.5932E+06  1.08716E-03
